[gd_scene load_steps=16 format=3 uid="uid://c3q4nclvljsdp"]

[ext_resource type="Script" path="res://main.gd" id="1_5q5f5"]
[ext_resource type="Texture2D" uid="uid://cmqulxpn06vbl" path="res://assets/textures/dev/grids/Dark/texture_07.png" id="2_qwrp6"]
[ext_resource type="Texture2D" uid="uid://8jbf1aehmwxi" path="res://assets/hdris/kloofendal_48d_partly_cloudy_puresky_2k.hdr" id="3_nvcyx"]
[ext_resource type="PackedScene" uid="uid://b22kgm3f4oiyp" path="res://scenes/player.tscn" id="4_sxibs"]
[ext_resource type="PackedScene" uid="uid://bepdml1qelkh1" path="res://scenes/rainonly.tscn" id="5_03alo"]
[ext_resource type="PackedScene" uid="uid://c5vtvl6b2mehl" path="res://scenes/waterplane (2).tscn" id="6_0wlu2"]
[ext_resource type="PackedScene" uid="uid://c5kjaf4y2gimf" path="res://scenes/pause_menu.tscn" id="7_djoi1"]
[ext_resource type="AudioStream" uid="uid://bon5k4us6hp6t" path="res://one-6779.mp3" id="7_hukjw"]
[ext_resource type="AudioStream" uid="uid://ddbypgjlylxsh" path="res://Rain Noise Rain Sound Effect No Copyright Nature Sounds720P HD liked like share.mp3" id="8_rp5bx"]

[sub_resource type="StandardMaterial3D" id="StandardMaterial3D_pbkdq"]
albedo_texture = ExtResource("2_qwrp6")
uv1_triplanar = true

[sub_resource type="StandardMaterial3D" id="StandardMaterial3D_0e142"]
transparency = 1
albedo_color = Color(1, 1, 1, 0)

[sub_resource type="StandardMaterial3D" id="StandardMaterial3D_evlyi"]
albedo_texture = ExtResource("2_qwrp6")
uv1_triplanar = true

[sub_resource type="PanoramaSkyMaterial" id="PanoramaSkyMaterial_dnibk"]
panorama = ExtResource("3_nvcyx")

[sub_resource type="Sky" id="Sky_17jhw"]
sky_material = SubResource("PanoramaSkyMaterial_dnibk")

[sub_resource type="Environment" id="Environment_d8ofq"]
background_mode = 2
sky = SubResource("Sky_17jhw")
tonemap_mode = 2
glow_enabled = true
fog_enabled = true

[node name="world" type="Node3D"]
script = ExtResource("1_5q5f5")

[node name="CanvasLayer" type="CanvasLayer" parent="."]
layer = 100

[node name="PauseMenu" parent="CanvasLayer" instance=ExtResource("7_djoi1")]
mouse_filter = 2

[node name="stage" type="Node3D" parent="."]

[node name="bottom floor" type="CSGBox3D" parent="stage"]
transform = Transform3D(1, 0, 0, 0, 1, 0, 0, 0, 1, 0, -0.5, 0)
use_collision = true
size = Vector3(20, 1, 20)
material = SubResource("StandardMaterial3D_pbkdq")

[node name="bottom floor2" type="CSGBox3D" parent="stage"]
transform = Transform3D(1, 0, 0, 0, -4.37114e-08, -1, 0, 1, -4.37114e-08, 10.404, -0.5, -10.5296)
use_collision = true
size = Vector3(56.0946, 1, 20)
material = SubResource("StandardMaterial3D_0e142")

[node name="bottom stairs" type="CSGBox3D" parent="stage"]
transform = Transform3D(-0.5, 5.97109e-08, 0.866025, 0.866025, -1.59995e-08, 0.5, 4.37114e-08, 1, -4.37114e-08, 2.39108, -0.497003, 5.18573)
use_collision = true
size = Vector3(4, 1, 5)
material = SubResource("StandardMaterial3D_pbkdq")

[node name="bottom stairs3" type="CSGBox3D" parent="stage"]
transform = Transform3D(6.55671e-08, 1, -8.15665e-08, 0.707106, 1.13133e-08, 0.707107, 0.707107, -1.04039e-07, -0.707106, 2.39108, -3.35866, 10.3931)
use_collision = true
size = Vector3(4, 1, 5)
material = SubResource("StandardMaterial3D_pbkdq")

[node name="stairs 2" type="CSGBox3D" parent="stage"]
transform = Transform3D(-0.5, 5.97109e-08, 0.866025, 0.866025, -1.59995e-08, 0.5, 4.37114e-08, 1, -4.37114e-08, 10.9074, 3.28373, 5.18573)
use_collision = true
size = Vector3(1, 1, 5)
material = SubResource("StandardMaterial3D_pbkdq")

[node name="bottom stairs2" type="CSGBox3D" parent="stage"]
transform = Transform3D(-0.5, 5.97109e-08, 0.866025, 0.866025, -1.59995e-08, 0.5, 4.37114e-08, 1, -4.37114e-08, 2.39108, -0.497003, -4.5777)
use_collision = true
size = Vector3(4, 1, 5)
material = SubResource("StandardMaterial3D_pbkdq")

[node name="stairs 3" type="CSGBox3D" parent="stage"]
transform = Transform3D(-0.5, 5.97109e-08, 0.866025, 0.866025, -1.59995e-08, 0.5, 4.37114e-08, 1, -4.37114e-08, 11.5643, 2.00949, -4.5777)
use_collision = true
size = Vector3(4, 1, 5)
material = SubResource("StandardMaterial3D_pbkdq")

[node name="mid floor" type="CSGBox3D" parent="stage"]
transform = Transform3D(1, 0, 0, 0, 1, 0, 0, 0, 1, 13.558, 2, 0)
use_collision = true
size = Vector3(20, 1, 20)
material = SubResource("StandardMaterial3D_pbkdq")

[node name="top floor" type="CSGBox3D" parent="stage"]
transform = Transform3D(1, 0, 0, 0, 1, 0, 0, 0, 1, 22.7991, 4.45998, 0)
use_collision = true
size = Vector3(20, 1, 20)
material = SubResource("StandardMaterial3D_pbkdq")

[node name="GPUParticlesCollisionBox3D" type="GPUParticlesCollisionBox3D" parent="stage/top floor"]
transform = Transform3D(29.2826, 0, 0, 0, 9.79986, 0, 0, 0, 11.8889, -0.0931969, -108.24, -0.155821)
size = Vector3(0.69, 22.1832, 1.64)

[node name="pillar floor" type="CSGBox3D" parent="stage"]
transform = Transform3D(1, 0, 0, 0, 1, 0, 0, 0, 1, 4.60929, -4.39812, 20.5241)
use_collision = true
size = Vector3(20, 1, 20)
material = SubResource("StandardMaterial3D_pbkdq")

[node name="CSGCylinder3D" type="CSGCylinder3D" parent="stage/pillar floor"]
transform = Transform3D(1, 0, 0, 0, 1, 0, 0, 0, 1, -0.239911, 1.48114, -8.1072)
material = SubResource("StandardMaterial3D_evlyi")

[node name="CSGCylinder3D3" type="CSGCylinder3D" parent="stage/pillar floor/CSGCylinder3D"]
transform = Transform3D(1, 0, 0, 0, 1, 0, 0, 0, 1, 0, 0, 7.9464)
material = SubResource("StandardMaterial3D_evlyi")

[node name="CSGCylinder3D2" type="CSGCylinder3D" parent="stage/pillar floor/CSGCylinder3D"]
transform = Transform3D(1, 0, 0, 0, 1, 0, 0, 0, 1, -1.85599, 0, 3.6161)
material = SubResource("StandardMaterial3D_evlyi")

[node name="environment" type="Node3D" parent="."]

[node name="WorldEnvironment" type="WorldEnvironment" parent="environment"]
environment = SubResource("Environment_d8ofq")

[node name="DirectionalLight3D" type="DirectionalLight3D" parent="environment"]
transform = Transform3D(-0.866025, -0.433013, 0.25, 0, 0.5, 0.866025, -0.5, 0.75, -0.433013, 0, 0, 0)
shadow_enabled = true

[node name="CSGBox3D" type="CSGBox3D" parent="."]
process_mode = 3
transform = Transform3D(1, 0, 0, 0, 1, 0, 0, 0, 1, -8, 0, 0)
use_collision = true

[node name="GPUParticles3D" parent="CSGBox3D" instance=ExtResource("5_03alo")]
transform = Transform3D(14.68, 0, 0, 0, 2, 0, 0, 0, 12.9543, 2.5816, 8.40924, -4.40922)
amount = 286

[node name="endless water" parent="." instance=ExtResource("6_0wlu2")]
transform = Transform3D(98.6899, 0, 0, 0, 1, 0, 0, 0, 101.388, 6.09183, -17.2822, 0)
custom_aabb = AABB(0, 0, 0, 10, 10, 10)

[node name="AudioStreamPlayer" type="AudioStreamPlayer" parent="."]
process_mode = 3
stream = ExtResource("7_hukjw")
autoplay = true
bus = &"Music"

[node name="AudioStreamPlayer2" type="AudioStreamPlayer" parent="."]
process_mode = 3
stream = ExtResource("8_rp5bx")
autoplay = true
max_polyphony = 2
bus = &"Sound Effects"

[node name="player" parent="." instance=ExtResource("4_sxibs")]
